01207,‘ÑLŽs,‘ÑL‘æŽl’†ŠwZ,•s–¾
